user_00: 1, 2, 3, 4, 5, 2, 3, 4, 5, 1, 2, 3, 4,
user_01: 4, 2, 3, 5, 1, 2, 3, 4, 5, 1, 2, 3, 4,
user_02: 3, 5, 4, 1, 2, 3, 4, 5, 1, 2, 3, 4, 5,
user_03: 3, 4, 1, 4, 2, 3, 4, 5, 1, 2, 3, 4, 5,
user_04: 5, 4, 5, 3, 1, 2, 3, 4, 5, 1, 2, 3, 4,
user_05: 1, 3, 4, 1, 5, 2, 3, 4, 5, 1, 2, 3, 4,
user_06: 2, 1, 5, 2, 4, 3, 4, 5, 1, 2, 3, 4, 5,
user_07: 5, 2, 3, 1, 4, 3, 4, 5, 1, 2, 3, 4, 5,
user_08: 2, 1, 3, 3, 5, 2, 3, 4, 5, 1, 2, 3, 4,
user_09: 3, 2, 2, 4, 1, 2, 3, 4, 5, 1, 2, 3, 4,
user_10: 1, 3, 5, 4, 2, 2, 3, 4, 5, 1, 2, 3, 4,
user_11: 2, 1, 3, 5, 4, 3, 4, 5, 1, 2, 3, 4, 5,
user_12: 1, 5, 2, 1, 5, 2, 3, 4, 5, 1, 2, 3, 4,
user_13: 5, 4, 3, 2, 1, 2, 3, 4, 5, 1, 2, 3, 4,
user_14: 4, 1, 5, 5, 3, 2, 3, 4, 5, 1, 2, 3, 4,
user_15: 1, 5, 4, 3, 2, 2, 3, 4, 5, 1, 2, 3, 4,
user_16: 3, 1, 5, 4, 2, 3, 4, 5, 1, 2, 3, 4, 5,
user_17: 2, 4, 5, 3, 1, 2, 3, 4, 5, 1, 2, 3, 4,
user_18: 1, 5, 4, 1, 5, 2, 3, 4, 5, 1, 2, 3, 4,
user_19: 3, 2, 5, 2, 4, 3, 4, 5, 1, 2, 3, 4, 5,
user_20: 5, 2, 1, 4, 3, 2, 3, 4, 5, 1, 2, 3, 4,
user_21: 2, 4, 5, 3, 1, 2, 3, 4, 5, 1, 2, 3, 4,
user_22: 3, 5, 2, 4, 2, 3, 4, 5, 1, 2, 3, 4, 5,
user_23: 1, 3, 5, 4, 2, 3, 4, 5, 1, 2, 3, 4, 5,
user_24: 5, 1, 3, 2, 4, 2, 3, 4, 5, 1, 2, 3, 4,
user_25: 3, 2, 2, 1, 5, 2, 3, 4, 5, 1, 2, 3, 4,
user_26: 5, 4, 1, 3, 1, 2, 3, 4, 5, 1, 2, 3, 4,
user_27: 4, 5, 2, 5, 3, 2, 3, 4, 5, 1, 2, 3, 4,
user_28: 1, 5, 4, 2, 3, 2, 3, 4, 5, 1, 2, 3, 4,
user_29: 3, 1, 4, 4, 2, 3, 4, 5, 1, 2, 3, 4, 5,
user_30: 5, 4, 5, 1, 3, 2, 3, 4, 5, 1, 2, 3, 4,
user_31: 2, 1, 4, 1, 5, 2, 3, 4, 5, 1, 2, 3, 4,
user_32: 3, 5, 5, 2, 4, 3, 4, 5, 1, 2, 3, 4, 5,
user_33: 5, 2, 4, 3, 1, 2, 3, 4, 5, 1, 2, 3, 4,
user_34: 2, 5, 1, 3, 4, 2, 3, 4, 5, 1, 2, 3, 4,
user_35: 4, 3, 2, 4, 5, 2, 3, 4, 5, 1, 2, 3, 4,
user_36: 1, 3, 5, 2, 2, 3, 4, 5, 1, 2, 3, 4, 5,
user_37: 5, 1, 3, 4, 4, 2, 3, 4, 5, 1, 2, 3, 4,
user_38: 3, 5, 2, 1, 5, 2, 3, 4, 5, 1, 2, 3, 4,
user_39: 5, 4, 1, 2, 1, 2, 3, 4, 5, 1, 2, 3, 4,
user_40: 5, 4, 3, 2, 2, 3, 4, 5, 1, 2, 3, 4, 5,
user_41: 4, 1, 5, 3, 1, 2, 3, 4, 5, 1, 2, 3, 4,
user_42: 2, 3, 4, 5, 2, 3, 4, 5, 1, 2, 3, 4, 5,
user_43: 1, 5, 4, 3, 1, 2, 3, 4, 5, 1, 2, 3, 4,
user_44: 5, 2, 1, 4, 3, 2, 3, 4, 5, 1, 2, 3, 4,
user_45: 3, 4, 5, 2, 1, 2, 3, 4, 5, 1, 2, 3, 4,
user_46: 4, 1, 5, 3, 2, 3, 4, 5, 1, 2, 3, 4, 5,
user_47: 2, 5, 1, 4, 3, 2, 3, 4, 5, 1, 2, 3, 4,
user_48: 3, 4, 5, 2, 1, 2, 3, 4, 5, 1, 2, 3, 4,
user_49: 1, 5, 4, 3, 2, 3, 4, 5, 1, 2, 3, 4, 5,
user_50: 5, 2, 1, 4, 3, 2, 3, 4, 5, 1, 2, 3, 4,
user_51: 3, 4, 5, 2, 1, 2, 3, 4, 5, 1, 2, 3, 4,
user_52: 4, 1, 5, 3, 2, 3, 4, 5, 1, 2, 3, 4, 5,
user_53: 2, 5, 1, 4, 3, 2, 3, 4, 5, 1, 2, 3, 4,
user_54: 3, 4, 5, 2, 1, 2, 3, 4, 5, 1, 2, 3, 4,
user_55: 1, 5, 4, 3, 2, 3, 4, 5, 1, 2, 3, 4, 5,
user_56: 5, 2, 1, 4, 3, 2, 3, 4, 5, 1, 2, 3, 4,
user_57: 3, 4, 5, 2, 1, 2, 3, 4, 5, 1, 2, 3, 4,
user_58: 4, 1, 5, 3, 2, 3, 4, 5, 1, 2, 3, 4, 5,
user_59: 2, 5, 1, 4, 3, 2, 3, 4, 5, 1, 2, 3, 4,
user_60: 3, 4, 5, 2, 1, 2, 3, 4, 5, 1, 2, 3, 4,
user_61: 1, 5, 4, 3, 2, 3, 4, 5, 1, 2, 3, 4, 5,
user_62: 5, 2, 1, 4, 3, 2, 3, 4, 5, 1, 2, 3, 4,
user_63: 3, 4, 5, 2, 1, 2, 3, 4, 5, 1, 2, 3, 4,
user_64: 4, 1, 5, 3, 2, 3, 4, 5, 1, 2, 3, 4, 5,
user_65: 2, 5, 1, 4, 3, 2, 3, 4, 5, 1, 2, 3, 4,
user_66: 3, 4, 5, 2, 1, 2, 3, 4, 5, 1, 2, 3, 4,
user_67: 1, 5, 4, 3, 2, 3, 4, 5, 1, 2, 3, 4, 5,
user_68: 5, 2, 1, 4, 3, 2, 3, 4, 5, 1, 2, 3, 4,
user_69: 3, 4, 5, 2, 1, 2, 3, 4, 5, 1, 2, 3, 4,
user_70: 4, 1, 5, 3, 2, 3, 4, 5, 1, 2, 3, 4, 5,
user_71: 2, 5, 1, 4, 3, 2, 3, 4, 5, 1, 2, 3, 4,
user_72: 3, 4, 5, 2, 1, 2, 3, 4, 5, 1, 2, 3, 4,
user_73: 1, 5, 4, 3, 2, 3, 4, 5, 1, 2, 3, 4, 5,
user_74: 5, 2, 1, 4, 3, 2, 3, 4, 5, 1, 2, 3, 4,
user_75: 3, 4, 5, 2, 1, 2, 3, 4, 5, 1, 2, 3, 4,
user_76: 4, 1, 5, 3, 2, 3, 4, 5, 1, 2, 3, 4, 5,
user_77: 2, 5, 1, 4, 3, 2, 3, 4, 5, 1, 2, 3, 4,
user_78: 3, 4, 5, 2, 1, 2, 3, 4, 5, 1, 2, 3, 4,
user_79: 1, 5, 4, 3, 2, 3, 4, 5, 1, 2, 3, 4, 5,
user_80: 5, 2, 1, 4, 3, 2, 3, 4, 5, 1, 2, 3, 4,
user_81: 3, 4, 5, 2, 1, 2, 3, 4, 5, 1, 2, 3, 4,
user_82: 4, 1, 5, 3, 2, 3, 4, 5, 1, 2, 3, 4, 5,
user_83: 2, 5, 1, 4, 3, 2, 3, 4, 5, 1, 2, 3, 4,
user_84: 3, 4, 5, 2, 1, 2, 3, 4, 5, 1, 2, 3, 4,
user_85: 1, 5, 4, 3, 2, 3, 4, 5, 1, 2, 3, 4, 5,
user_86: 5, 2, 1, 4, 3, 2, 3, 4, 5, 1, 2, 3, 4,
user_87: 3, 4, 5, 2, 1, 2, 3, 4, 5, 1, 2, 3, 4,
user_88: 4, 1, 5, 3, 2, 3, 4, 5, 1, 2, 3, 4, 5,
user_89: 2, 5, 1, 4, 3, 2, 3, 4, 5, 1, 2, 3, 4,
user_90: 3, 4, 5, 2, 1, 2, 3, 4, 5, 1, 2, 3, 4,
user_91: 1, 5, 4, 3, 2, 3, 4, 5, 1, 2, 3, 4, 5,
user_92: 5, 2, 1, 4, 3, 2, 3, 4, 5, 1, 2, 3, 4,
user_93: 3, 4, 5, 2, 1, 2, 3, 4, 5, 1, 2, 3, 4,
user_94: 4, 1, 5, 3, 2, 3, 4, 5, 1, 2, 3, 4, 5,
user_95: 2, 5, 1, 4, 3, 2, 3, 4, 5, 1, 2, 3, 4,
user_96: 3, 4, 5, 2, 1, 2, 3, 4, 5, 1, 2, 3, 4,
user_97: 1, 5, 4, 3, 2, 3, 4, 5, 1, 2, 3, 4, 5,
user_98: 5, 2, 1, 4, 3, 2, 3, 4, 5, 1, 2, 3, 4,
user_99: 3, 4, 5, 2, 1, 2, 3, 4, 5, 1, 2, 3, 4,

